# Lines-of-code cache. Generated, do not edit.
# One line per repository:
#   sha256(owner/name)  total_commits  your_commits  added  deleted
# A repository is re-scanned only when total_commits changes.
# Delete this file to force a full rebuild (slow, and API-expensive).
#
#
d7399ac0995a1470bdf766d9b5faf1053e6ae584d6659d379aa9f72dbeb66d97 0 0 0 0
de87510bdea79210378a631cacdfbc5a6d28b83d2b893ceb1546b0d534aa6526 5 5 17997 0
90661897f8c02aec065e16ec1d98c0aedcfd684b5ffde88bbdcaaef90a0c1f4b 1 1 329 0
54a56a8582041ff89902cb7147182193114ce2036c68f0cc6de56cceb28a7c93 1206 0 0 0
91cc8d3b0c0d28fa76c726e6f68f1496f4d05261ad8c0804249d533ee803c1ee 29 29 27006 18829
b1bf5740b3530babd7bc69f01622f00e1eecb4ad126ec6aa37a352c61b3e33ba 0 0 0 0
a23ff6ca0d4099dbc588f27a8268e2ead1ea8a0d0c9643a74abf33f3f3799c77 70 69 19998 16581
89093273b808d49abc2f7404f1004006380b0b5b6b599186197308f28062e0e6 3 3 3910 24
ea6f6662d4bdcd7cc4284c4b6f14d5b74575c4170827e707b111bd00514175ec 25 0 0 0
5f9764198fbcdf7f8fc036347105ee2bdba86675dc303aa67352d9928e3af6f8 2 2 0 0
3ddd22dacea3897abc670d45284b34e7987e7a8120deff675963dfdb0b84a9ed 2 2 62059 0
f44868371f088d1465b8d78a0335854de17e0b5ead1d8926bd9059e1e4e27ee2 0 0 0 0
dead341f6d34c68194f0954b17ba503412e8d63e0f3f2e8b85561649de2ab6d7 2 2 28708 0
eb1763fb53d1d4f54a8b66b9e134c5df841bec97d372d5bf81213d816aa6cb09 75 0 0 0
7fd38e922312c5433c40b3bfa314c28dbef400b7b241e7d53316829eca565aeb 74 0 0 0
90db08f2828dff4df2fb7e5bbee74f677cdd20c1fd989d5a2a8093c2670a1708 993 1 126 74
998834ac9ecc1cc49b37a8c412e2d75c3dc1661230e735f1bdc0fd61f511757e 0 0 0 0
0475d869aed250666648f7bb1772cd54b1ff44ef950534228fc0fb6ddd107b4f 69 0 0 0
9fc73ecab36558bb4eefcfd2e701173fb291c7a167af4c4ce33f5dddc822c090 146 0 0 0
df3872e3912bf563e5b26e49fdc17763b07e80924dc4c4a7b05c245bd6ea0b90 10 6 7 7
a6fff7110c8f888bcec0385a600b141c5a3f66108029a918018f0ccd22180538 253 0 0 0
7d56907ceca9ce2a6ca21773c812c0cc8ee8e5f9e834653662ba260c8d5772ef 15 0 0 0
00f65e1b5214afa186cbef0cfc39fe21b8ec948c5016dbf17b21795a224507b9 15 0 0 0
35cc53902623f7a3557ce7a7c598c427aef87b5ff113a469d0efbc4b4db5e8b1 132 0 0 0
9d68efd25b241b31255b7323e72e88e602214bcc2a1162662b5f0a818e10c064 5 0 0 0
50733de55d5872bdaee4d003be9db1103295aa59c6b7e07d717d1876c9eb72c3 0 0 0 0
5fe2995d0b0ee8567e0ad8b895f3d10a1c163ba4158fbbd5770f7ef8647336ae 21 0 0 0
38f769d53afc229594b56e96708de3103bb68c04fb4f6a6feb779b54dc432945 10 0 0 0
82e3091f13e54960298f036eaf5281853eee4a2670147487cb952613eb4cd7c0 37 0 0 0
8ded269b5d8a35ca02ea634e18bf13db344737b05330a42f1104844534f0c359 1 0 0 0
6970969e59298d44be66d34385809b45c9158829cee0439da5bb967957381a1a 901 901 1163 901
4cfefe3d229a7b5761f3777839929adb7abf49c3f3b43473e029cb0330b49525 1 1 1439 0
426fc3899dc7f69f88c95a0e40858a8416005484c8f001119b9c7aa3e56e5ca1 18 2 9 9
090e574b492eb2fd07fe0929897195af40029739a80d31c83c74bdaf251afe91 1 1 1439 0
2d80163f2ee81aa5895d32905b003e8700985958d7af3115a3d4b76069277caa 4 3 125132 1
7ef789bf88ca0c564dce48d55849c704701e9b53f717b12f55287bb0b0594222 2 2 6089 0
2df6e8a145982bbfa79eb83d4c14b9501298c9c07b9c734158c70c6f38c72f19 4 0 0 0
074e20b29c2f6565792e3b7655b2180e983288df6c831742c001937f11f0c3e4 1 1 1 0
038c74719c6fcb8c82dd71548ac577a8132c2f177419b2af3213b5b119248232 16797 16797 17124 16844
59c0ba9fa092bbf0e7fcb64d76a24657f37aaaf545cae8f990e34139aad7d401 1 1 36506 0
ce51ebc39d0e2ae42ce46be4615bc8bb1ff97f93438ea19513ece07d699ac9ac 20639 0 0 0
783b8ffe322c113988685a1b990189f078cb9bd50e65dd386707044b65a102e6 398 0 0 0
068dc509c83bc22b322e72c36d4a5384d6a2844b9f0392c3c6ad8da8c0694691 29 0 0 0
0fd5f91e6d19d15625f22374c7018952454ca947c3d7fd3f9e755abfb8266320 3 2 154 164
01c221ec3cca1960bf67d7bab26fdbb808414b59abea266d690b161e31f9c2f4 0 0 0 0
90274932fd00c7f0f9c1a6dfa609b032f3a8a98ee3fc970919bb66d280c5f958 55 0 0 0
761aeb31b457a6b4c4353ded4aa8e7ce92546c1b2a4e326ec518b3106df7b47e 3 0 0 0
c8ef838af5ac1ceb591e46d0a1c9d5a8569bf07ff77ed8836b1f7f95609e70c8 0 0 0 0
0a4602d95287a71b2a15435ebecb1b97db1fa36358a97cc9bd9a60db7ae41db8 0 0 0 0
2f3d7bda34e154de7094ce71dcbb9c5de134674428917300bc472ad2b0774feb 0 0 0 0
850cbb46357691620c7cc2359865d8398ab8ba0ad5fde5bf92d7da166655a2cc 0 0 0 0
1eda60fd0118879079f778b421af5db77ef9f8724ff2ab68de9d448967cdc85f 0 0 0 0
686de3956938bf6e12480f9e90b5d3355850e3530317d4fbcb8b91a49f7cdb43 0 0 0 0
fa49ce979a60a89d6ea16f32fa9640813a66d0c4436da6e4958625836e28b1b2 0 0 0 0
c46f4822cff1d56a726de52f517b43b4451dbb6e9dc2d1afb71f6d6c25f52b12 5 5 5282295 529
594c1eecc96664ef71d875ab5d191f90016ac25d6b881f608e3f01de0ab69435 8 0 0 0
1f6da9cb5bbd8932067cbc943b1e04fae668d1f17d1abaddfec7fcfe6c118464 331 1 39 58
4084e0a982d605d88b665d34c76ee7fe7b658b5e4fd29578cdfe36c690c3f2cb 330 0 0 0
aa8d4bc2cb665bbe3a75349ff92da762f0a30d2579ef4d4a1c7f2db11f7eb4c6 3 3 4373 37
5327134c13dec7e587b1c7e2e3347cb0177d0db3cb603e77c18a655d0f9b8e9d 34 34 16511 1104
34a2a630f1fb0807adcc3b431d4f76f1656f60f6d5fe42ab80e949465a7662a2 1 1 2 0
772f786f0542410776c9779fa785c3068500c4457173ce3535e681155269e87b 41 41 7506 1837
03aa38f2229e8d1e4f3d5ee6af95051cd4ec792bbcc4d0d5398704985ab7b91e 3 0 0 0
57dcaef84269b387373927ed8ef12ad4dc409505e08065c779495ed6676601fc 40 40 7797 610
84081a2477bbd2a2a376f7f16358bdf05138fb0f8f76df95c204757ce47dd19c 55 55 48962 2618
39cb08a9a21d492a00b21345930492576171dff539804ad89d4d0093e42f0518 2 2 10475 1034
